Block 4D

Block Simplex_family

Puzzle Simplex_FT
Dim 4
NAxis 1
Faces 0,0,0,1
Group 0,1,1,0/0,1,-1,0 2,-1,-1,0/1,1,-2,0 2,-2,0,0/1,1,-1,-2.236068
Axis 0,0,0,1
Twists 0,1,1,0/0,1,-1,0 2,-1,-1,0/1,1,-2,0
Cuts 0

Puzzle Simplex_ET
Dim 4
NAxis 1
Faces 0,0,0,1
Group 0,1,1,0/0,1,-1,0 2,-1,-1,0/1,1,-2,0 2,-2,0,0/1,1,-1,-2.236068
Axis 1,0,0,0.4472136
Twists 0,1,1,0/0,1,-1,0 -1,3,-3,2.236068/-1,0,0,2.236068
Cuts 1.25

Puzzle TruncatedSimplex
Dim 4
NAxis 1
Faces 0,0,0,1 0,0,0,-2.3333333
Group 0,1,1,0/0,1,-1,0 2,-1,-1,0/1,1,-2,0 2,-2,0,0/1,1,-1,-2.236068
Axis 0,0,0,1
Twists 0,1,1,0/0,1,-1,0 2,-1,-1,0/1,1,-2,0
Cuts 0.7 -1.8333333

Puzzle RectifiedSimplex
Dim 4
NAxis 1
Faces 0,0,0,1 0,0,0,-1.5
Group 0,1,1,0/0,1,-1,0 2,-1,-1,0/1,1,-2,0 2,-2,0,0/1,1,-1,-2.236068
Axis 0,0,0,1
Twists 0,1,1,0/0,1,-1,0 2,-1,-1,0/1,1,-2,0
Cuts 0.7 -0.9

Puzzle CantellatedSimplex(no_prisms)
Dim 4
NAxis 1
Faces 0,0,0,1 0,0,0,-1.5 1.304373,0,0,0.583333
Group 0,1,1,0/0,1,-1,0 2,-1,-1,0/1,1,-2,0 2,-2,0,0/1,1,-1,-2.236068
Axis 0,0,0,1
Twists 0,1,1,0/0,1,-1,0 2,-1,-1,0/1,1,-2,0
Cuts 0.7 -1.1

Puzzle CantellatedSimplex(prisms_only)
Dim 4
NAxis 1
Faces 0,0,0,1 0,0,0,-1.5 1.304373,0,0,0.583333
Group 0,1,1,0/0,1,-1,0 2,-1,-1,0/1,1,-2,0 2,-2,0,0/1,1,-1,-2.236068
Axis 1.304373,0,0,0.583333
Twists 0,1,1,0/0,1,-1,0 -1,3,-3,2.236068/-1,0,0,2.236068
Cuts 0.4

Puzzle RuncinatedSimplex(tetrs_only)
Dim 4
NAxis 1
Faces 0,0,0,1.5 1.118034,0,0,0.5
Group 0,1,1,0/0,1,-1,0 2,-1,-1,0/1,1,-2,0 2,-2,0,0/1,1,-1,-2.236068 0,0,0,1/0,1,0,0
Axis 0,0,0,1.5
Twists 0,1,1,0/0,1,-1,0 2,-1,-1,0/1,1,-2,0
Cuts 0.28 -0.28
FixedMask 2

Puzzle BitruncatedSimplex_FT
Dim 4
NAxis 1
Faces 0,0,0,1
Group 0,1,1,0/0,1,-1,0 2,-1,-1,0/1,1,-2,0 2,-2,0,0/1,1,-1,-2.236068 0,0,0,1/0,1,0,0
Axis 0,0,0,1
Twists 0,1,1,0/0,1,-1,0 2,-1,-1,0/1,1,-2,0
Cuts 0.67 -0.67
FixedMask 2

Puzzle BitruncatedSimplex_FT_half
Dim 4
NAxis 1
Faces 0,0,0,1
Group 0,1,1,0/0,1,-1,0 2,-1,-1,0/1,1,-2,0 2,-2,0,0/1,1,-1,-2.236068 0,0,0,1/0,1,0,0
Axis 0,0,0,1
Twists 0,1,1,0/0,1,-1,0 2,-1,-1,0/1,1,-2,0
Cuts 0

Puzzle BitruncatedSimplex_VT
Dim 4
NAxis 1
Faces 0,0,0,1
Group 0,1,1,0/0,1,-1,0 2,-1,-1,0/1,1,-2,0 2,-2,0,0/1,1,-1,-2.236068 0,0,0,1/0,1,0,0
Axis 1,0,0,0
Twists 0,1,0,0/0,0,1,0 0,1,0,0/0,0,0,1 0,0,1,0/0,0,0,1
Cuts 1.35 -1.35
FixedMask 2

Puzzle BitruncatedSimplex_dual_VT
Dim 4
NAxis 1
Faces 1,0,0,0
Group 0,1,1,0/0,1,-1,0 2,-1,-1,0/1,1,-2,0 2,-2,0,0/1,1,-1,-2.236068 0,0,0,1/0,1,0,0
Axis 0,0,0,1
Twists 0,1,1,0/0,1,-1,0 2,-1,-1,0/1,1,-2,0
Cuts 0.6 -0.6
FixedMask 2

Puzzle CantitruncatedSimplex
Dim 4
NAxis 2
Faces 0,0,0,0.9 0,0,0,-0.6 -0.9689628,0,0,-0.4333333
Group 0,1,1,0/0,1,-1,0 2,-1,-1,0/1,1,-2,0 2,-2,0,0/1,1,-1,-2.236068
Axis 0,0,0,0.9
Twists 0,1,1,0/0,1,-1,0 2,-1,-1,0/1,1,-2,0
Cuts 0.83 -0.55
FixedMask 2
Axis -0.9689628,0,0,-0.4333333
Twists 0,1,1,0/0,1,-1,0 -1,3,-3,2.236068/-1,0,0,2.236068
Cuts 0.83
FixedMask 2

Puzzle RuncitruncatedSimplex
Dim 4
NAxis 2
Faces 0,0,0,0.8 0,0,0,-0.7 -0.8198916,0,0,-0.3666667 0.6708204,0,0,0.3
Group 0,1,1,0/0,1,-1,0 2,-1,-1,0/1,1,-2,0 2,-2,0,0/1,1,-1,-2.236068
Axis 0,0,0,0.9
Twists 0,1,1,0/0,1,-1,0 2,-1,-1,0/1,1,-2,0
Cuts 0.7 -0.3333
FixedMask 2
Axis 0.6708204,0,0,0.3
Twists 0,1,1,0/0,1,-1,0 -1,3,-3,2.236068/-1,0,0,2.236068
Cuts -1
FixedMask 1

Puzzle OmnitruncatedSimplex
Dim 4
NAxis 2
Faces 0,0,0,1 1.118034,0,0,0.5
Group 0,1,1,0/0,1,-1,0 2,-1,-1,0/1,1,-2,0 2,-2,0,0/1,1,-1,-2.236068 0,0,0,1/0,1,0,0
Axis 0,0,0,1
Twists 0,1,1,0/0,1,-1,0 2,-1,-1,0/1,1,-2,0
Cuts 0.85 -0.85
FixedMask 2
Axis 1.118034,0,0,0.5
Twists 0,1,1,0/0,1,-1,0 -1,3,-3,2.236068/-1,0,0,2.236068
Cuts 0.88 -0.88
FixedMask 2

EndBlock

Block CubeBased

Puzzle 2^4
Dim 4
NAxis 1
Faces 1,0,0,0
Group 1,0,0,0/1,1,0,0 1,0,0,0/1,0,1,0 1,0,0,0/1,0,0,1
Axis 1,0,0,0
Twists 0,1,0,0/0,1,1,0 0,1,-1,0/0,0,0,1 0,2,-1,-1/0,1,1,-2
Cuts 0

Puzzle 3^4
Dim 4
NAxis 1
Faces 1,0,0,0
Group 1,0,0,0/1,1,0,0 1,0,0,0/1,0,1,0 1,0,0,0/1,0,0,1
Axis 1,0,0,0
Twists 0,1,0,0/0,1,1,0 0,1,-1,0/0,0,0,1 0,2,-1,-1/0,1,1,-2
Cuts 0.33 -0.33

Puzzle 3^4(alt)
Dim 4
NAxis 1
Faces 1,0,0,0
Group 1,0,0,0/1,1,0,0 1,0,0,0/1,0,1,0 1,0,0,0/1,0,0,1
Axis 1,0,0,0
Twists 0,1,0,0/0,0,1,0 0,2,-1,-1/0,1,1,-2
Cuts 0.33 -0.33

Puzzle 4D_ET
Dim 4
NAxis 1
Faces 1,0,0,0
Group 1,0,0,0/1,1,0,0 1,0,0,0/1,0,1,0 1,0,0,0/1,0,0,1
Axis 1,1,1,0
Twists 0,0,0,1/0,1,-1,0 1,-1,0,0/1,0,-1,0
Cuts 0.75 -0.75
FixedMask 2

Puzzle 4D_ET(simp)
Dim 4
NAxis 1
Faces 1,0,0,0
Simplified
Group 1,0,0,0/1,1,0,0 1,0,0,0/1,0,1,0 1,0,0,0/1,0,0,1
Axis 1,1,1,0
Twists 0,0,0,1/0,1,-1,0 1,-1,0,0/1,0,-1,0
Cuts 0.75 -0.75
FixedMask 2

Puzzle 4D_RT
Dim 4
NAxis 1
Faces 1,0,0,0
Group 1,0,0,0/1,1,0,0 1,0,0,0/1,0,1,0 1,0,0,0/1,0,0,1
Axis 1,1,0,0
Twists 0,0,1,0/0,0,1,1 1,-1,0,0/0,0,1,0 1,-1,0,0/0,0,1,1
Cuts 0.66 -0.66
FixedMask 2

Puzzle 4D_RT(alt)
Dim 4
NAxis 1
Faces 1,0,0,0
Group 1,0,0,0/1,1,0,0 1,0,0,0/1,0,1,0 1,0,0,0/1,0,0,1
Axis 1,1,0,0
Twists 0,0,1,0/0,0,0,1 1,-1,0,0/0,0,1,0
Cuts 0.66 -0.66
FixedMask 2

Puzzle 4D_RT(simp)
Dim 4
NAxis 1
Faces 1,0,0,0
Simplified
Group 1,0,0,0/1,1,0,0 1,0,0,0/1,0,1,0 1,0,0,0/1,0,0,1
Axis 1,1,0,0
Twists 0,0,1,0/0,0,1,1 1,-1,0,0/0,0,1,0 1,-1,0,0/0,0,1,1
Cuts 0.66 -0.66
FixedMask 2

Puzzle 4D_half
Dim 4
NAxis 1
Faces 1,0,0,0
Group 1,0,0,0/1,1,0,0 1,0,0,0/1,0,1,0 1,0,0,0/1,0,0,1
Axis 1,1,1,1
Twists 1,1,-2,0/2,-1,-1,0 1,1,-1,-1/1,-1,-1,1
Cuts 0

Puzzle 4D_half_RT
Dim 4
NAxis 1
Faces 1,0,0,0
Group 1,0,0,0/1,1,0,0 1,0,0,0/1,0,1,0 1,0,0,0/1,0,0,1
Axis 1,1,0,0
Twists 0,0,1,0/0,0,1,1 1,-1,0,0/0,0,1,0 1,-1,0,0/0,0,1,1
Cuts 0

Puzzle 4D_half_ET
Dim 4
NAxis 1
Faces 1,0,0,0
Group 1,0,0,0/1,1,0,0 1,0,0,0/1,0,1,0 1,0,0,0/1,0,0,1
Axis 1,1,1,0
Twists 0,0,0,1/0,1,-1,0 1,-1,0,0/1,0,-1,0
Cuts 0

Puzzle 4D_FVT
Dim 4
NAxis 2
Faces 1,0,0,0
Group 1,0,0,0/1,1,0,0 1,0,0,0/1,0,1,0 1,0,0,0/1,0,0,1
Axis 1,1,1,1
Twists 1,1,-2,0/2,-1,-1,0 1,1,-1,-1/1,-1,-1,1
Cuts 0.6 -0.6
Axis 1,0,0,0
Twists 0,1,0,0/0,1,1,0 0,1,-1,0/0,0,0,1 0,2,-1,-1/0,1,1,-2
Cuts 0

Puzzle 4D_half(alt)
Dim 4
NAxis 1
Faces 1,0,0,0
Group 1,0,0,0/1,1,0,0 1,0,0,0/1,0,1,0 1,0,0,0/1,0,0,1
Axis 1,1,1,1
Twists 1,1,-1,-1/1,-1,-1,1 1,1,-1,-1/1,-1,1,-1 1,-1,1,-1/1,-1,-1,1
Cuts 0

Puzzle 2x2x3x3
Dim 4
NAxis 2
Faces 1,0,0,0 0,0,1.5,0
Group 1,0,0,0/1,1,0,0 1,0,0,0/0,0,1,0 0,0,1,0/0,0,1,1
Axis 1,0,0,0
Twists 0,0,1,0/0,0,1,1 0,1,0,0/0,0,1,0 0,1,0,0/0,0,1,1
Cuts 0
Axis 0,0,1,0
Twists 1,0,0,0/1,1,0,0 0,0,0,1/1,0,0,0 0,0,0,1/1,1,0,0
Cuts 0.5 -0.5

Puzzle 2x3x4x5
Dim 4
NAxis 4
Faces 1,0,0,0 0,1.5,0,0 0,0,2,0 0,0,0,2.5
Group 1,0,0,0/0,1,0,0 1,0,0,0/0,0,1,0 1,0,0,0/0,0,0,1
Axis 1,0,0,0
Twists 0,1,0,0/0,0,1,0 0,1,0,0/0,0,0,1 0,0,1,0/0,0,0,1
Cuts 0
Axis 0,1,0,0
Twists 1,0,0,0/0,0,1,0 1,0,0,0/0,0,0,1 0,0,1,0/0,0,0,1
Cuts 0.5 -0.5
Axis 0,0,1,0
Twists 1,0,0,0/0,1,0,0 1,0,0,0/0,0,0,1 0,0,0,1/0,1,0,0
Cuts 1 0 -1
Axis 0,0,0,1
Twists 1,0,0,0/0,1,0,0 1,0,0,0/0,0,1,0 0,0,1,0/0,1,0,0
Cuts 1.5 0.5 -0.5 -1.5

EndBlock

Block MirrorCube

Puzzle 3^4_(Mirror_A)
Dim 4
NAxis 1
Faces 1,0,0,0
Group 1,0,0,0/1,1,0,0 1,0,0,0/1,0,1,0 1,0,0,0/1,0,0,1
Axis 1,0,0,0
Twists 0,1,0,0
Cuts 0.33 -0.33

Puzzle 3^4_(Mirror_B)
Dim 4
NAxis 1
Faces 1,0,0,0
Group 1,0,0,0/1,1,0,0 1,0,0,0/1,0,1,0 1,0,0,0/1,0,0,1
Axis 1,0,0,0
Twists 0,1,0,0 0,2,-1,-1/0,1,1,-2
Cuts 0.33 -0.33

Puzzle 3^4_(Mirror_C)
Dim 4
NAxis 1
Faces 1,0,0,0
Group 1,0,0,0/1,1,0,0 1,0,0,0/1,0,1,0 1,0,0,0/1,0,0,1
Axis 1,0,0,0
Twists 0,0,0,1/0,0,1,1/0,1,0,0 0,2,-1,-1/0,1,1,-2
Cuts 0.33 -0.33

Puzzle 3^4_(Mirror_D)
Dim 4
NAxis 1
Faces 1,0,0,0
Group 1,0,0,0/1,1,0,0 1,0,0,0/1,0,1,0 1,0,0,0/1,0,0,1
Axis 1,0,0,0
Twists 0,1,0,0 0,1,0,0/0,1,1,0 0,1,-1,0/0,0,0,1 0,2,-1,-1/0,1,1,-2
Cuts 0.33 -0.33

Puzzle 3^4_(Mirror_Z)
Dim 4
NAxis 1
Faces 1,0,0,0
Group 1,0,0,0/1,1,0,0 1,0,0,0/1,0,1,0 1,0,0,0/1,0,0,1
Axis 1,0,0,0
Twists 0,1,0,0/0,0,1,0/0,0,0,1
Cuts 0.33 -0.33

EndBlock

Block 16cell_Based

Puzzle 16-cell_FT
Dim 4
NAxis 1
Faces 1,1,1,1
Group 1,0,0,0/1,1,0,0 1,0,0,0/1,0,1,0 1,0,0,0/1,0,0,1
Axis 1,1,1,1
Twists 0,2,-1,-1/0,1,1,-2 1,-1,0,0/0,0,1,-1
Cuts 0.6 -0.6
FixedMask 2

Puzzle 16-cell_FT(simp)
Dim 4
NAxis 1
Faces 1,1,1,1
Simplified
Group 1,0,0,0/1,1,0,0 1,0,0,0/1,0,1,0 1,0,0,0/1,0,0,1
Axis 1,1,1,1
Twists 0,2,-1,-1/0,1,1,-2 1,-1,0,0/0,0,1,-1
Cuts 0.6 -0.6
FixedMask 2

Puzzle 16-cell_FT(simp,deep)
Dim 4
NAxis 1
Faces 1,1,1,1
Simplified
Group 1,0,0,0/1,1,0,0 1,0,0,0/1,0,1,0 1,0,0,0/1,0,0,1
Axis 1,1,1,1
Twists 0,2,-1,-1/0,1,1,-2 1,-1,0,0/0,0,1,-1
Cuts 0.25 -0.25
FixedMask 2

Puzzle 16-cell_FT(alt)
Dim 4
NAxis 1
Faces 1,1,1,1
Group 1,0,0,0/1,1,0,0 1,0,0,0/1,0,1,0 1,0,0,0/1,0,0,1
Axis 1,1,1,1
Twists 1,-1,0,0/0,0,1,-1 1,0,-1,0/0,1,0,-1 1,0,0,-1/0,1,-1,0
Cuts 0.6 -0.6
FixedMask 2

Puzzle 16-cell_RT
Dim 4
NAxis 1
Faces 1,1,1,1
Group 1,0,0,0/1,1,0,0 1,0,0,0/1,0,1,0 1,0,0,0/1,0,0,1
Axis 1,1,1,0
Twists 0,0,0,1/0,1,-1,0 1,-1,0,0/1,0,-1,0
Cuts 1 -1
FixedMask 2

Puzzle 16-cell_ET
Dim 4
NAxis 1
Faces 1,1,1,1
Group 1,0,0,0/1,1,0,0 1,0,0,0/1,0,1,0 1,0,0,0/1,0,0,1
Axis 1,1,0,0
Twists 0,0,1,0/0,0,1,1 1,-1,0,0/0,0,1,0 1,-1,0,0/0,0,1,1
Cuts 1 -1
FixedMask 2

Puzzle 16-cell_half
Dim 4
NAxis 1
Faces 1,1,1,1
Group 1,0,0,0/1,1,0,0 1,0,0,0/1,0,1,0 1,0,0,0/1,0,0,1
Axis 1,1,1,1
Twists 0,2,-1,-1/0,1,1,-2 1,-1,0,0/0,0,1,-1
Cuts 0

EndBlock

Block Tesseract/16cell_Family

Puzzle Truncated16cell
Dim 4
NAxis 2
Faces 1,1,1,1 2.666667,0,0,0
Group 1,0,0,0/1,1,0,0 1,0,0,0/1,0,1,0 1,0,0,0/1,0,0,1
Axis 1,1,1,1
Twists 0,2,-1,-1/0,1,1,-2 1,-1,0,0/0,0,1,-1
Cuts 0.83 -0.83
FixedMask 2
Axis 1,0,0,0
Twists 0,1,0,0/0,1,1,0 0,1,-1,0/0,0,0,1 0,2,-1,-1/0,1,1,-2
Cuts 2.222 -2.222
FixedMask 2

Puzzle RectifiedTesseract
Dim 4
NAxis 2
Faces 1,1,1,1 1.333333,0,0,0
Group 1,0,0,0/1,1,0,0 1,0,0,0/1,0,1,0 1,0,0,0/1,0,0,1
Axis 1,1,1,1
Twists 0,2,-1,-1/0,1,1,-2 1,-1,0,0/0,0,1,-1
Cuts 0.777778 -0.777778
FixedMask 2
Axis 1,0,0,0
Twists 0,1,0,0/0,1,1,0 0,1,-1,0/0,0,0,1 0,2,-1,-1/0,1,1,-2
Cuts 0.888889 -0.888889
FixedMask 2

Puzzle Bitruncated16cell
Dim 4
NAxis 2
Faces 1,1,1,1 1.6,0,0,0
Group 1,0,0,0/1,1,0,0 1,0,0,0/1,0,1,0 1,0,0,0/1,0,0,1
Axis 1,1,1,1
Twists 0,2,-1,-1/0,1,1,-2 1,-1,0,0/0,0,1,-1
Cuts 0.875 -0.875
FixedMask 2
Axis 1,0,0,0
Twists 0,1,0,0/0,1,1,0 0,1,-1,0/0,0,0,1 0,2,-1,-1/0,1,1,-2
Cuts 1.4 -1.4
FixedMask 2

Puzzle RuncinatedTesseract
Dim 4
NAxis 4
Faces 1.35355339,1.35355339,1.35355339,1.35355339 1.47120452,1.47120452,1.47120452,0 1.70710678,1.70710678,0,0 2.4142135,0,0,0
Simplified
Group 1,0,0,0/1,1,0,0 1,0,0,0/1,0,1,0 1,0,0,0/1,0,0,1
Axis 1,1,1,1
Twists 0,2,-1,-1/0,1,1,-2 1,-1,0,0/0,0,1,-1
Cuts 1.2 -1.2
FixedMask 2
Axis 1,1,1,0
Twists 0,0,0,1/0,1,-1,0 1,-1,0,0/1,0,-1,0
Cuts 1.38 -1.38
FixedMask 2
Axis 1,1,0,0
Twists 0,0,1,0/0,0,1,1 1,-1,0,0/0,0,1,0 1,-1,0,0/0,0,1,1
Cuts 1.6 -1.6
FixedMask 2
Axis 1,0,0,0
Twists 0,1,0,0/0,1,1,0 0,1,-1,0/0,0,0,1 0,2,-1,-1/0,1,1,-2
Cuts 2 -2
FixedMask 2

Puzzle CantellatedTesseract
Dim 4
NAxis 3
Faces 1.70710678,1.70710678,1.70710678,1.70710678 1.94280904,1.94280904,1.94280904,0 2.4142135,0,0,0
Simplified
Group 1,0,0,0/1,1,0,0 1,0,0,0/1,0,1,0 1,0,0,0/1,0,0,1
Axis 1,1,1,1
Twists 0,2,-1,-1/0,1,1,-2 1,-1,0,0/0,0,1,-1
Cuts 1.4 -1.4
FixedMask 2
Axis 1,1,1,0
Twists 0,0,0,1/0,1,-1,0 1,-1,0,0/1,0,-1,0
Cuts 1.8 -1.8
FixedMask 2
Axis 1,0,0,0
Twists 0,1,0,0/0,1,1,0 0,1,-1,0/0,0,0,1 0,2,-1,-1/0,1,1,-2
Cuts 2 -2
FixedMask 2

Puzzle Runcitruncated16cell
Dim 4
NAxis 4
Faces 3.82842712,0,0,0 3.12132034,3.12132034,0,0 2.4142135,2.4142135,2.4142135,0 2.06066017,2.06066017,2.06066017,2.06066017
Simplified
Group 1,0,0,0/1,1,0,0 1,0,0,0/1,0,1,0 1,0,0,0/1,0,0,1
Axis 1,1,1,1
Twists 0,2,-1,-1/0,1,1,-2 1,-1,0,0/0,0,1,-1
Cuts 1.7 -1.7
FixedMask 2
Axis 1,1,1,0
Twists 0,0,0,1/0,1,-1,0 1,-1,0,0/1,0,-1,0
Cuts 2 -2
FixedMask 2
Axis 1,1,0,0
Twists 0,0,1,0/0,0,1,1 1,-1,0,0/0,0,1,0 1,-1,0,0/0,0,1,1
Cuts 2.5 -2.5
FixedMask 2
Axis 1,0,0,0
Twists 0,1,0,0/0,1,1,0 0,1,-1,0/0,0,0,1 0,2,-1,-1/0,1,1,-2
Cuts 3.3 -3.3
FixedMask 2

Puzzle TruncatedTesseract
Dim 4
NAxis 2
Faces 2.4142135,0,0,0 2.06066017,2.06066017,2.06066017,2.06066017
Group 1,0,0,0/1,1,0,0 1,0,0,0/1,0,1,0 1,0,0,0/1,0,0,1
Axis 1,1,1,1
Twists 0,2,-1,-1/0,1,1,-2 1,-1,0,0/0,0,1,-1
Cuts 1.85 -1.85
FixedMask 2
Axis 1,0,0,0
Twists 0,1,0,0/0,1,1,0 0,1,-1,0/0,0,0,1 0,2,-1,-1/0,1,1,-2
Cuts 2.2 -2.2
FixedMask 2

Puzzle TruncatedTesseract_Deep
Dim 4
NAxis 2
Faces 2.4142135,0,0,0 2.06066017,2.06066017,2.06066017,2.06066017
Group 1,0,0,0/1,1,0,0 1,0,0,0/1,0,1,0 1,0,0,0/1,0,0,1
Axis 1,1,1,1
Twists 0,2,-1,-1/0,1,1,-2 1,-1,0,0/0,0,1,-1
Cuts 1.85 -1.85
FixedMask 2
Axis 1,0,0,0
Twists 0,1,0,0/0,1,1,0 0,1,-1,0/0,0,0,1 0,2,-1,-1/0,1,1,-2
Cuts 2.02 -2.02
FixedMask 2

Puzzle RuncitruncatedTesseract
Dim 4
NAxis 4
Faces 3.82842712,0,0,0 3.12132034,3.12132034,0,0 2.885618083,2.885618083,2.885618083,0 2.4142135,2.4142135,2.4142135,2.4142135
Simplified
Group 1,0,0,0/1,1,0,0 1,0,0,0/1,0,1,0 1,0,0,0/1,0,0,1
Axis 1,1,1,1
Twists 0,2,-1,-1/0,1,1,-2 1,-1,0,0/0,0,1,-1
Cuts 2.2 -2.2
FixedMask 2
Axis 1,1,1,0
Twists 0,0,0,1/0,1,-1,0 1,-1,0,0/1,0,-1,0
Cuts 2.6 -2.6
FixedMask 2
Axis 1,1,0,0
Twists 0,0,1,0/0,0,1,1 1,-1,0,0/0,0,1,0 1,-1,0,0/0,0,1,1
Cuts 2.95 -2.95
FixedMask 2
Axis 1,0,0,0
Twists 0,1,0,0/0,1,1,0 0,1,-1,0/0,0,0,1 0,2,-1,-1/0,1,1,-2
Cuts 3.4 -3.4
FixedMask 2

Puzzle CantitruncatedTesseract
Dim 4
NAxis 3
Faces 3.82842712,0,0,0 3.3570226,3.3570226,3.3570226,0 2.767766953,2.767766953,2.767766953,2.767766953
Group 1,0,0,0/1,1,0,0 1,0,0,0/1,0,1,0 1,0,0,0/1,0,0,1
Axis 1,1,1,1
Twists 0,2,-1,-1/0,1,1,-2 1,-1,0,0/0,0,1,-1
Cuts 2.6 -2.6
FixedMask 2
Axis 1,1,1,0
Twists 0,0,0,1/0,1,-1,0 1,-1,0,0/1,0,-1,0
Cuts 3.2 -3.2
FixedMask 2
Axis 1,0,0,0
Twists 0,1,0,0/0,1,1,0 0,1,-1,0/0,0,0,1 0,2,-1,-1/0,1,1,-2
Cuts 3.55 -3.55
FixedMask 2

Puzzle OmnitruncatedTesseract
Dim 4
NAxis 4
Faces 5.242640687,0,0,0 4.5355339,4.5355339,0,0 3.82842712,3.82842712,3.82842712,0 3.12132034,3.12132034,3.12132034,3.12132034
Group 1,0,0,0/1,1,0,0 1,0,0,0/1,0,1,0 1,0,0,0/1,0,0,1
Axis 1,1,1,1
Twists 0,2,-1,-1/0,1,1,-2 1,-1,0,0/0,0,1,-1
Cuts 3 -3
FixedMask 2
Axis 1,1,1,0
Twists 0,0,0,1/0,1,-1,0 1,-1,0,0/1,0,-1,0
Cuts 3.65 -3.65
FixedMask 2
Axis 1,1,0,0
Twists 0,0,1,0/0,0,1,1 1,-1,0,0/0,0,1,0 1,-1,0,0/0,0,1,1
Cuts 4.4 -4.4
FixedMask 2
Axis 1,0,0,0
Twists 0,1,0,0/0,1,1,0 0,1,-1,0/0,0,0,1 0,2,-1,-1/0,1,1,-2
Cuts 4.8 -4.8
FixedMask 2

EndBlock

Block 24cell_Based

Puzzle 24-cell_FT
Dim 4
NAxis 1
Faces 1,0,0,0
Group 0,-1,1,0/-1,1,1,1 1,0,0,0/1,1,0,0 1,0,0,0/1,0,1,0
Axis 1,0,0,0
Twists 0,1,0,0/0,1,1,0 0,1,-1,0/0,0,0,1 0,2,-1,-1/0,1,1,-2
Cuts 0.75 -0.75
FixedMask 2

Puzzle 24-cell_FT(alt)
Dim 4
NAxis 1
Faces 1,0,0,0
Group 0,-1,1,0/-1,1,1,1 1,0,0,0/1,1,0,0 1,0,0,0/1,0,1,0
Axis 1,0,0,0
Twists 0,1,0,0/0,0,1,0 0,2,-1,-1/0,1,1,-2 0,1,1,2/0,2,-1,1
Cuts 0.75 -0.75
FixedMask 2

Puzzle 24-cell_half
Dim 4
NAxis 1
Faces 1,0,0,0
Group 0,-1,1,0/-1,1,1,1 1,0,0,0/1,1,0,0 1,0,0,0/1,0,1,0
Axis 1,0,0,0
Twists 0,1,0,0/0,1,1,0 0,1,-1,0/0,0,0,1 0,2,-1,-1/0,1,1,-2
Cuts 0

Puzzle 24-cell_deep
Dim 4
NAxis 1
Faces 1,0,0,0
Group 0,-1,1,0/-1,1,1,1 1,0,0,0/1,1,0,0 1,0,0,0/1,0,1,0
Axis 1,0,0,0
Twists 0,1,0,0/0,1,1,0 0,1,-1,0/0,0,0,1 0,2,-1,-1/0,1,1,-2
Cuts 0.5 -0.5

Puzzle 24-cell_VT_1
Dim 4
NAxis 1
Faces 1,1,0,0
Group 0,-1,1,0/-1,1,1,1 1,0,0,0/1,1,0,0 1,0,0,0/1,0,1,0
Axis 1,0,0,0
Twists 0,1,0,0/0,1,1,0 0,1,-1,0/0,0,0,1 0,2,-1,-1/0,1,1,-2
Cuts 1 -1
FixedMask 2

Puzzle 24-cell_Mirror_Z
Dim 4
NAxis 1
Faces 1,0,0,0
Group 0,-1,1,0/-1,1,1,1 1,0,0,0/1,1,0,0 1,0,0,0/1,0,1,0
Axis 1,0,0,0
Twists 0,1,0,0/0,0,1,0/0,0,0,1
Cuts 0.75 -0.75
FixedMask 2

EndBlock

Block 24cell_Family

Puzzle Truncated24cell
Dim 4
NAxis 2
Faces 1,0,0,0 0.8333333,0.8333333,0,0
Group 0,-1,1,0/-1,1,1,1 1,0,0,0/1,1,0,0 1,0,0,0/1,0,1,0
Axis 1,0,0,0
Twists 0,1,0,0/0,1,1,0 0,1,-1,0/0,0,0,1 0,2,-1,-1/0,1,1,-2
Cuts 0.8888889 -0.8888889
FixedMask 2
Axis 1,1,0,0
Twists -1,1,0,0/-1,1,1,1 -1,1,-1,-1/0,0,-1,1 -2,2,0,-2/-1,1,3,-1
Cuts 0.7777778 -0.7777778
FixedMask 2

Puzzle Truncated24cell_Mirror(Z)
Dim 4
NAxis 2
Faces 1,0,0,0 0.8333333,0.8333333,0,0
Group 0,-1,1,0/-1,1,1,1 1,0,0,0/1,1,0,0 1,0,0,0/1,0,1,0
Axis 1,0,0,0
Twists 0,1,0,0/0,0,1,0/0,0,0,1
Cuts 0.8888889 -0.8888889
FixedMask 2
Axis 1,1,0,0
Twists -1,1,0,0/0,0,1,0/0,0,0,1
Cuts 0.7777778 -0.7777778
FixedMask 2

Puzzle Rectified24cell
Dim 4
NAxis 2
Faces 1,0,0,0 0.75,0.75,0,0
Group 0,-1,1,0/-1,1,1,1 1,0,0,0/1,1,0,0 1,0,0,0/1,0,1,0
Axis 1,0,0,0
Twists 0,1,0,0/0,1,1,0 0,1,-1,0/0,0,0,1 0,2,-1,-1/0,1,1,-2
Cuts 0.8333333 -0.8333333
FixedMask 2
Axis 1,1,0,0
Twists -1,1,0,0/-1,1,1,1 -1,1,-1,-1/0,0,-1,1 -2,2,0,-2/-1,1,3,-1
Cuts 0.6666667 -0.6666667
FixedMask 2

Puzzle Omnitruncated24cell_dual
Dim 4
NAxis 1
Faces 0.1,0.44142135,0.5828427,0.724264 -0.1,0.44142135,0.5828427,0.724264
Group 0,-1,1,0/-1,1,1,1 1,0,0,0/1,1,0,0 1,0,0,0/1,0,1,0 -0.4142135,1,0,0/0,0,-0.4142135,1
Axis 1,0,0,0
Twists 0,1,0,0/0,1,1,0 0,1,-1,0/0,0,0,1 0,2,-1,-1/0,1,1,-2
Cuts 1 -1
FixedMask 2

Puzzle Cantellated24cell
Dim 4
NAxis 3
Faces 2.20710678,0,0,0 2.04044,1.02022,1.02022,0 1.70710678,1.70710678,0,0
Simplified
Group 0,-1,1,0/-1,1,1,1 1,0,0,0/1,1,0,0 1,0,0,0/1,0,1,0
Axis 1,0,0,0
Twists 0,1,0,0/0,1,1,0 0,1,-1,0/0,0,0,1 0,2,-1,-1/0,1,1,-2
Cuts 2.08 -2.08
FixedMask 2
Axis 2,1,1,0
Twists -1,1,1,3/-1,1,1,0 0,1,-1,0/0,0,0,1
Cuts 0.99 -0.99
FixedMask 2
Axis 1,1,0,0
Twists -1,1,0,0/-1,1,1,1 -1,1,-1,-1/0,0,-1,1 -2,2,0,-2/-1,1,3,-1
Cuts 1.6 -1.6
FixedMask 2

Puzzle Cantitruncated24cell
Dim 4
NAxis 3
Faces 2.4142135,0,0,0 2.30310245,1.15155122,1.15155122,0 1.845177969,1.845177969,0,0
Simplified
Group 0,-1,1,0/-1,1,1,1 1,0,0,0/1,1,0,0 1,0,0,0/1,0,1,0
Axis 1,0,0,0
Twists 0,1,0,0/0,1,1,0 0,1,-1,0/0,0,0,1 0,2,-1,-1/0,1,1,-2
Cuts 2.34 -2.34
FixedMask 2
Axis 2,1,1,0
Twists -1,1,1,3/-1,1,1,0 0,1,-1,0/0,0,0,1
Cuts 1.12 -1.12
FixedMask 2
Axis 1,1,0,0
Twists -1,1,0,0/-1,1,1,1 -1,1,-1,-1/0,0,-1,1 -2,2,0,-2/-1,1,3,-1
Cuts 1.75 -1.75
FixedMask 2

Puzzle Runcitruncated24cell
Dim 4
NAxis 4
Faces 1.56066017,0,0,0 1.43566017,0.47855339,0.47855339,0.47855339 1.3939935,0.69699675,0.69699675,0 1.133883476,1.133883476,0,0
Simplified
Group 0,-1,1,0/-1,1,1,1 1,0,0,0/1,1,0,0 1,0,0,0/1,0,1,0
Axis 1,0,0,0
Twists 0,1,0,0/0,1,1,0 0,1,-1,0/0,0,0,1 0,2,-1,-1/0,1,1,-2
Cuts 1.5 -1.5
FixedMask 2
Axis 3,1,1,1
Twists 0,2,-1,-1/0,1,1,-2 1,-1,-1,-1/0,0,1,-1
Cuts 0.467 -0.467
FixedMask 2
Axis 2,1,1,0
Twists -1,1,1,3/-1,1,1,0 0,1,-1,0/0,0,0,1
Cuts 0.67 -0.67
FixedMask 2
Axis 1,1,0,0
Twists -1,1,0,0/-1,1,1,1 -1,1,-1,-1/0,0,-1,1 -2,2,0,-2/-1,1,3,-1
Cuts 1.07 -1.07
FixedMask 2

Puzzle Runcinated24cell
Dim 4
NAxis 2
Faces 1.70710678,0,0,0 1.45710678,0.48570226,0.48570226,0.48570226
Simplified
Group 0,-1,1,0/-1,1,1,1 1,0,0,0/1,1,0,0 1,0,0,0/1,0,1,0 -0.4142135,1,0,0/0,0,-0.4142135,1
Axis 1,0,0,0
Twists 0,1,0,0/0,1,1,0 0,1,-1,0/0,0,0,1 0,2,-1,-1/0,1,1,-2
Cuts 1.55 -1.55
FixedMask 2
Axis 3,1,1,1
Twists 0,2,-1,-1/0,1,1,-2 1,-1,-1,-1/0,0,1,-1
Cuts 0.465 -0.465
FixedMask 2

Puzzle Omnitruncated24cell
Dim 4
NAxis 2
Faces 1.5404401145,0,0,0 1.45710678,0.48570226,0.48570226,0.48570226
Group 0,-1,1,0/-1,1,1,1 1,0,0,0/1,1,0,0 1,0,0,0/1,0,1,0 -0.4142135,1,0,0/0,0,-0.4142135,1
Axis 1,0,0,0
Twists 0,1,0,0/0,1,1,0 0,1,-1,0/0,0,0,1 0,2,-1,-1/0,1,1,-2
Cuts 1.47 -1.47
FixedMask 2
Axis 3,1,1,1
Twists 0,2,-1,-1/0,1,1,-2 1,-1,-1,-1/0,0,1,-1
Cuts 0.475 -0.475
FixedMask 2


Puzzle Snub24cell
Dim 4
NAxis 2
Faces 1,0,0,0 0.809017,0.809017,0,0 0.9045085,0.6545085,0.25,0
#Faces 1,0,0,0 0.809017,0.809017,0,0 0.9045085,0.6545085,0.25,0 0.9045085,0.6545085,-0.25,0
Group 0,2,-1,-1/0,1,1,-2 0,1,1,2/0,2,-1,1 2,-2,-2,0/1,-1,-1,3
Axis 1,0,0,0
Twists 0,2,-1,-1/0,1,1,-2 0,0,1,0/0,0,0,1 0,1,1,2/0,2,-1,1
Cuts 0.9 -0.9
FixedMask 2
Axis 0.809017,0.809017,0,0
Twists 2,-2,-2,0/1,-1,-1,3 1,-1,-1,-3/2,-2,-2,0 0,0,0,1/0,0,1,0
Cuts 0.95 -0.95
FixedMask 2

Puzzle Snub24cell(I)
Dim 4
NAxis 1
Faces 1,0,0,0 0.809017,0.809017,0,0 0.9045085,0.6545085,0.25,0
Group 0,2,-1,-1/0,1,1,-2 0,1,1,2/0,2,-1,1 2,-2,-2,0/1,-1,-1,3
Axis 1,0,0,0
Twists 0,2,-1,-1/0,1,1,-2 0,0,1,0/0,0,0,1 0,1,1,2/0,2,-1,1
Cuts 0.85 -0.85
FixedMask 2

Puzzle Snub24cell(T)
Dim 4
NAxis 1
Faces 1,0,0,0 0.809017,0.809017,0,0 0.9045085,0.6545085,0.25,0
Group 0,2,-1,-1/0,1,1,-2 0,1,1,2/0,2,-1,1 2,-2,-2,0/1,-1,-1,3
Axis 0.809017,0.809017,0,0
Twists 2,-2,-2,0/1,-1,-1,3 1,-1,-1,-3/2,-2,-2,0 0,0,0,1/0,0,1,0
#Cuts 0.854102 -0.854102
Cuts 0.763888 -0.763888
FixedMask 2

EndBlock

Block 48cell_Based

Puzzle 48-cell_FT
Dim 4
NAxis 1
Faces 1,0,0,0
Group 0,-1,1,0/-1,1,1,1 1,0,0,0/1,1,0,0 1,0,0,0/1,0,1,0 -0.4142135,1,0,0/0,0,-0.4142135,1
Axis 1,0,0,0
Twists 0,1,0,0/0,1,1,0 0,1,-1,0/0,0,0,1 0,2,-1,-1/0,1,1,-2
Cuts 0.95 -0.95
FixedMask 2

Puzzle 48-cell_FT_1
Dim 4
NAxis 1
Faces 1,0,0,0
Group 0,-1,1,0/-1,1,1,1 1,0,0,0/1,1,0,0 1,0,0,0/1,0,1,0 -0.4142135,1,0,0/0,0,-0.4142135,1
Axis 1,0,0,0
Twists 0,1,0,0/0,1,1,0 0,1,-1,0/0,0,0,1 0,2,-1,-1/0,1,1,-2
Cuts 0.93 -0.93
FixedMask 2

Puzzle 48-cell_FT_Mirror(Z)
Dim 4
NAxis 1
Faces 1,0,0,0
Group 0,-1,1,0/-1,1,1,1 1,0,0,0/1,1,0,0 1,0,0,0/1,0,1,0 -0.4142135,1,0,0/0,0,-0.4142135,1
Axis 1,0,0,0
Twists 0,1,0,0/0,0,1,0/0,0,0,1
Cuts 0.95 -0.95
FixedMask 2


Puzzle 48-cell_VT
Dim 4
NAxis 1
Faces 1,0,0,0
Group 0,-1,1,0/-1,1,1,1 1,0,0,0/1,1,0,0 1,0,0,0/1,0,1,0 -0.4142135,1,0,0/0,0,-0.4142135,1
Axis 1,0.4142135,0.4142135,0.17157288
Twists 0.17157288,-0.4142135,-0.4142135,1/1,0.4142135,-2.4142135,-1 0.17157288,-0.4142135,-0.4142135,1/1,-2.4142135,0.4142135,-1 1,-1,-1,-1/0,1,-1,0
Cuts 0.965 -0.965
FixedMask 2

Puzzle 48-cell_VT1
Dim 4
NAxis 1
Faces 1,0,0,0
Group 0,-1,1,0/-1,1,1,1 1,0,0,0/1,1,0,0 1,0,0,0/1,0,1,0 -0.4142135,1,0,0/0,0,-0.4142135,1
Axis 1,0.4142135,0.4142135,0.17157288
Twists 0.17157288,-0.4142135,-0.4142135,1/1,0.4142135,-2.4142135,-1 1,-1,-1,-1/0,1,-1,0
Cuts 0.933 -0.933
FixedMask 2

EndBlock

Puzzle 32-cell
Dim 4
NAxis 1
Faces 1,1,1,0
Group 1,0,0,0/1,1,0,0 1,0,0,0/1,0,1,0 1,0,0,0/1,0,0,1
Axis 1,1,1,0
Twists 0,0,0,1/0,1,-1,0 1,-1,0,0/1,0,-1,0
Cuts 0.75 -0.75
FixedMask 2

Block 120-cell_family

Puzzle 120-cell
Dim 4
NAxis 1
Faces 3.236068,0,0,0
Group 0,4.472136,-7.236068,0/0,5.854102,-9.472136,8.09017 0,0,1,0/0,0,0,1 -0.618034,1.618034,1,0/0,0,0,1
Axis 3.236068,0,0,0
Twists 0,5.854102,-9.472136,8.09017/0,4.472136,-7.236068,0 0,0,1,0/0,0,0,1 0,1,1,-2/0,2,-1,-1
Cuts 0.95 -0.95
FixedMask 2

Puzzle 120-cell_halfcut
Dim 4
NAxis 1
Faces 3.236068,0,0,0
Group 0,4.472136,-7.236068,0/0,5.854102,-9.472136,8.09017 0,0,1,0/0,0,0,1 -0.618034,1.618034,1,0/0,0,0,1
Axis 3.236068,0,0,0
Twists 0,5.854102,-9.472136,8.09017/0,4.472136,-7.236068,0 0,0,1,0/0,0,0,1 0,1,1,-2/0,2,-1,-1
Cuts 0

Puzzle 600-cell
Dim 4
NAxis 1
Faces 4.236068,1,1,1
Simplified
Group 0,4.472136,-7.236068,0/0,5.854102,-9.472136,8.09017 0,0,1,0/0,0,0,1 -0.618034,1.618034,1,0/0,0,0,1
Axis 4.236068,1,1,1
Twists 0,1.618034,-0.618034,-1/-0.618034,1,0,1.618034 0,2,-1,-1/0,1,1,-2
Cuts 0.968 -0.968
FixedMask 2

Puzzle Bitruncated_120-cell
Dim 4
NAxis 2
Faces 4.236068,1,1,1 4.3777088,0,0,0
Group 0,4.472136,-7.236068,0/0,5.854102,-9.472136,8.09017 0,0,1,0/0,0,0,1 -0.618034,1.618034,1,0/0,0,0,1
Axis 4.236068,1,1,1
Twists 0,1.618034,-0.618034,-1/-0.618034,1,0,1.618034 0,2,-1,-1/0,1,1,-2
Cuts 0.99 -0.99
FixedMask 2
Axis 4.3777088,0,0,0
Twists 0,4.472136,-7.236068,0/0,5.854102,-9.472136,8.09017 0,0,1,0/0,0,0,1 0,2,-1,-1/0,1,1,-2
Cuts 0.99 -0.99
FixedMask 2

Puzzle 120-cell_Mirror(Z)
Dim 4
NAxis 1
Faces 3.236068,0,0,0
Group 0,4.472136,-7.236068,0/0,5.854102,-9.472136,8.09017 0,0,1,0/0,0,0,1 -0.618034,1.618034,1,0/0,0,0,1
Axis 3.236068,0,0,0
Twists 0,1,0,0/0,0,1,0/0,0,0,1
Cuts 0.95 -0.95
FixedMask 2

EndBlock

Block IcosahedralAntiprism
Puzzle IcosahedralAntiprism(1)
Dim 4
NAxis 2
Faces 0.70710678,0,0,0 0.4008696,0.56691527,0,1.4842034 0,0.872678,0.872678,0.872678 0,0.872678,0.872678,-0.872678 0,0,0,1.618034
Group 0,2,-1,-1/0,1,1,-2 0,1,0,0/0,0,1,0 1,0,0,0/0,1,1,0
Axis 0.70710678,0,0,0
Twists 0,2,-1,-1/0,1,1,-2 0,1,0,0/0,0,1,0
Cuts 0.33 -0.33
Axis 0,0.872678,0.872678,0.872678
Twists 0,2,-1,-1/0,1,1,-2 1,0,0,0/0,1,-1,0
Cuts 0.8 -0.8
FixedMask 2

Puzzle IcosahedralAntiprism(2)
Dim 4
NAxis 2
Faces 0.70710678,0,0,0 0.4008696,0.56691527,0,1.4842034 0,0.872678,0.872678,0.872678 0,0.872678,0.872678,-0.872678 0,0,0,1.618034
Group 0,2,-1,-1/0,1,1,-2 0,1,0,0/0,0,1,0 1,0,0,0/0,1,1,0
Axis 0.70710678,0,0,0
Twists 0,2,-1,-1/0,1,1,-2 0,1,0,0/0,0,1,0
Cuts 0.33 -0.33
Axis 0,1,0,0
Twists 0,0,1,0/0,0,0,1 1,0,0,0/0,0,1,-1 1,0,0,0/0,0,1,1
Cuts 1 -1
FixedMask 2

Puzzle IcosahedralAntiprism(3)
Dim 4
NAxis 2
Faces 0.70710678,0,0,0 0.4008696,0.56691527,0,1.4842034 0,0.872678,0.872678,0.872678 0,0.872678,0.872678,-0.872678 0,0,0,1.618034
Group 0,2,-1,-1/0,1,1,-2 0,1,0,0/0,0,1,0 1,0,0,0/0,1,1,0
Axis 0.70710678,0,0,0
Twists 0,2,-1,-1/0,1,1,-2 0,1,0,0/0,0,1,0
Cuts 0.33 -0.33
Axis 0,1,1,0
Twists 1,0,0,0/0,1,-1,0
Cuts 0.9 -0.9
FixedMask 2
EndBlock

EndBlock
Block 5D

Puzzle 3^5
Dim 5
NAxis 1
Faces 1,0,0,0,0
Group 1,0,0,0,0 1,0,0,0,0/1,1,0,0,0 1,0,0,0,0/1,0,1,0,0 1,0,0,0,0/1,0,0,1,0 1,0,0,0,0/1,0,0,0,1
Axis 1,0,0,0,0
Twists 0,1,0,0,0/0,1,1,0,0 0,1,0,0,0/0,1,0,1,0 0,1,0,0,0/0,1,0,0,1
Cuts 0.33 -0.33

Puzzle 5D_VT
Dim 5
NAxis 1
Faces 1,0,0,0,0
Group 1,0,0,0,0 1,0,0,0,0/1,1,0,0,0 1,0,0,0,0/1,0,1,0,0 1,0,0,0,0/1,0,0,1,0 1,0,0,0,0/1,0,0,0,1
Axis 1,1,1,1,1
Twists 1,-1,0,0,0/1,0,-1,0,0 0,0,1,-1,0/0,0,1,0,-1
Cuts 0.7 -0.7

Block Simplex5D

Puzzle Simplex5D_1
Dim 5
NAxis 1
Faces 1,1,1,1,1
Group 1,-1,0,0,0 2,-1,-1,0,0/1,1,-2,0,0 2,-1,0,-1,0/1,1,0,-2,0 2,-1,0,0,-1/1,1,0,0,-2 7.898979487,-2.449489743,1,1,1/5.449489743,5.449489743,2,2,2
Axis 1,1,1,1,1
Twists 2,-1,-1,0,0/1,1,-2,0,0
Cuts -2

Puzzle Simplex5D_2
Dim 5
NAxis 1
Faces 1,1,1,1,1
Group 1,-1,0,0,0 2,-1,-1,0,0/1,1,-2,0,0 2,-1,0,-1,0/1,1,0,-2,0 2,-1,0,0,-1/1,1,0,0,-2 7.898979487,-2.449489743,1,1,1/5.449489743,5.449489743,2,2,2
Axis 1,1,1,1,1
Twists 2,-1,-1,0,0/1,1,-2,0,0
Cuts -1

Puzzle Simplex5D_3
Dim 5
NAxis 1
Faces 1,1,1,1,1
Group 1,-1,0,0,0 2,-1,-1,0,0/1,1,-2,0,0 2,-1,0,-1,0/1,1,0,-2,0 2,-1,0,0,-1/1,1,0,0,-2 7.898979487,-2.449489743,1,1,1/5.449489743,5.449489743,2,2,2
Axis 1,1,1,1,1
Twists 2,-1,-1,0,0/1,1,-2,0,0
Cuts -0.5

Puzzle Simplex5D_4
Dim 5
NAxis 1
Faces 1,1,1,1,1
Group 1,-1,0,0,0 2,-1,-1,0,0/1,1,-2,0,0 2,-1,0,-1,0/1,1,0,-2,0 2,-1,0,0,-1/1,1,0,0,-2 7.898979487,-2.449489743,1,1,1/5.449489743,5.449489743,2,2,2
Axis 1,1,1,1,1
Twists 2,-1,-1,0,0/1,1,-2,0,0
Cuts -0.33

Puzzle Simplex5D_5
Dim 5
NAxis 1
Faces 1,1,1,1,1
Group 1,-1,0,0,0 2,-1,-1,0,0/1,1,-2,0,0 2,-1,0,-1,0/1,1,0,-2,0 2,-1,0,0,-1/1,1,0,0,-2 7.898979487,-2.449489743,1,1,1/5.449489743,5.449489743,2,2,2
Axis 1,1,1,1,1
Twists 2,-1,-1,0,0/1,1,-2,0,0
Cuts -0.2

Puzzle Simplex5D_6
Dim 5
NAxis 1
Faces 1,1,1,1,1
Group 1,-1,0,0,0 2,-1,-1,0,0/1,1,-2,0,0 2,-1,0,-1,0/1,1,0,-2,0 2,-1,0,0,-1/1,1,0,0,-2 7.898979487,-2.449489743,1,1,1/5.449489743,5.449489743,2,2,2
Axis 1,1,1,1,1
Twists 2,-1,-1,0,0/1,1,-2,0,0
Cuts 0.1

EndBlock

EndBlock
Block 6D

Puzzle {3,3}^2
Dim 6
NAxis 2
Faces 1,1,1,0,0,0 0,0,0,1,1,1
Group 1,-1,0,0,0,0/1,0,-1,0,0,0 1,1,0,0,0,0/1,0,-1,0,0,0 0,0,0,1,-1,0/0,0,0,1,0,-1 0,0,0,1,1,0/0,0,0,1,0,-1
Axis 1,1,1,0,0,0
Twists 1,-1,0,0,0,0/1,0,-1,0,0,0 0,0,0,1,-1,0/0,0,0,1,0,-1 0,0,0,1,1,0/0,0,0,1,0,-1 1,-1,0,0,0,0/0,0,0,1,-1,0
Cuts 0.2
Axis 0,0,0,1,1,1
Twists 1,-1,0,0,0,0/1,0,-1,0,0,0 1,1,0,0,0,0/1,0,-1,0,0,0 0,0,0,1,-1,0/0,0,0,1,0,-1 1,-1,0,0,0,0/0,0,0,1,-1,0
Cuts 0.2

Puzzle {3,3}^2_v2
Dim 6
NAxis 1
Faces 1,1,1,0,0,0
Group 1,1,0,0,0,0 1,-1,0,0,0,0/1,0,-1,0,0,0 1,1,0,0,0,0/1,0,-1,0,0,0 1,0,0,1,0,0/0,1,0,0,1,0/0,0,1,0,0,1
Axis 1,1,1,0,0,0
Twists 1,-1,0,0,0,0/1,0,-1,0,0,0 0,0,0,1,-1,0/0,0,0,1,0,-1 0,0,0,1,1,0/0,0,0,1,0,-1 1,-1,0,0,0,0/0,0,0,1,-1,0
Cuts -1.5

Puzzle {5}^3
Dim 6
NAxis 3
Faces 1,0,0,0,0,0 0,0,1,0,0,0 0,0,0,0,1,0
Group 1,0,0,0,0,0/0.809017,0.58778525,0,0,0,0 0,0,1,0,0,0/0,0,0.809017,0.58778525,0,0 0,0,0,0,1,0/0,0,0,0,0.809017,0.58778525
Axis 1,0,0,0,0,0
Twists 0,0,1,0,0,0/0,0,0.809017,0.58778525,0,0 0,0,0,0,1,0/0,0,0,0,0.809017,0.58778525 0,1,0,0,0,0/0,0,0,1,0,0 0,1,0,0,0,0/0,0,0,0,0,1 0,0,0,0,0,1/0,0,0,1,0,0
Cuts 0.66
Axis 0,0,1,0,0,0
Twists 1,0,0,0,0,0/0.809017,0.58778525,0,0,0,0 0,0,0,0,1,0/0,0,0,0,0.809017,0.58778525 0,0,0,1,0,0/0,1,0,0,0,0 0,0,0,1,0,0/0,0,0,0,0,1 0,0,0,0,0,1/0,1,0,0,0,0
Cuts 0.66
Axis 0,0,0,0,1,0
Twists 0,0,1,0,0,0/0,0,0.809017,0.58778525,0,0 1,0,0,0,0,0/0.809017,0.58778525,0,0,0,0 0,0,0,0,0,1/0,0,0,1,0,0 0,0,0,0,0,1/0,1,0,0,0,0 0,1,0,0,0,0/0,0,0,1,0,0
Cuts 0.66

Puzzle {3}^3
Dim 6
NAxis 3
Faces 1,0,0,0,0,0 0,0,1,0,0,0 0,0,0,0,1,0
Group 1,0,0,0,0,0/0.5,0.8660254,0,0,0,0 0,0,1,0,0,0/0,0,0.5,0.8660254,0,0 0,0,0,0,1,0/0,0,0,0,0.5,0.8660254
Axis 1,0,0,0,0,0
Twists 0,0,1,0,0,0/0,0,0.5,0.8660254,0,0 0,0,0,0,1,0/0,0,0,0,0.5,0.8660254 0,1,0,0,0,0/0,0,0,1,0,0 0,1,0,0,0,0/0,0,0,0,0,1 0,0,0,0,0,1/0,0,0,1,0,0
Cuts 0.33
Axis 0,0,1,0,0,0
Twists 1,0,0,0,0,0/0.5,0.8660254,0,0,0,0 0,0,0,0,1,0/0,0,0,0,0.5,0.8660254 0,0,0,1,0,0/0,1,0,0,0,0 0,0,0,1,0,0/0,0,0,0,0,1 0,0,0,0,0,1/0,1,0,0,0,0
Cuts 0.33
Axis 0,0,0,0,1,0
Twists 0,0,1,0,0,0/0,0,0.5,0.8660254,0,0 1,0,0,0,0,0/0.5,0.8660254,0,0,0,0 0,0,0,0,0,1/0,0,0,1,0,0 0,0,0,0,0,1/0,1,0,0,0,0 0,1,0,0,0,0/0,0,0,1,0,0
Cuts 0.33



EndBlock
